^ ^ ^ ^ ^ ^ ^ ^ ^ ^ ^ ^ ^ ^ ^ ^ ^ ^ ^ ^ ^ ^ ^ ^ ^ ^ ^ ^ ^ ^ ^ ^ ^ ^ ^ ^ ^ ^ ^ ^ ^ ^ ^ ^ ^ ^ ^ ^ ^ ^ ^ ^ ^ ^ ^ ^ ^ ^ ^ ^ ^ ^ ^ ^ ^ ^ ^ ^ ^ ^ ^ ^ ^ ^ ^ ^ ^ ^ ^ ^ ^ ^ ^ ^ ^ ^ ^ ^ ^ ^ ^ ^ ^ ^ ^
^ 0 0 0 0 0 0 0 0 0 0 0 0 0 0 0 0 0 0 0 0 0 0 0 0 0 0 0 0 0 0 0 0 0 0 0 0 0 0 0 0 0 0 0 0 0 0 0 0 0 0 0 0 ^ 0 0 0 0 0 0 0 0 0 0 0 0 0 0 0 0 0 0 0 0 0 ^ 0 0 0 0 0 0 0 0 0 0 0 0 0 0 0 0 0 0 ^
^ 0 0 0 0 0 0 0 0 0 0 0 0 0 0 0 0 0 0 0 0 0 0 0 0 0 0 0 0 0 0 0 0 0 0 0 0 0 0 0 0 0 0 0 0 0 0 0 0 T T T 0 ^ 0 0 0 0 0 0 0 0 0 0 0 0 0 0 0 0 0 0 0 0 0 ^ 0 0 0 0 0 0 0 0 0 0 0 0 0 0 0 0 0 0 ^
^ 0 0 0 0 0 T 0 0 0 0 0 0 0 0 0 0 0 0 0 0 0 0 0 0 0 0 0 0 0 0 0 0 0 0 0 0 0 0 0 0 0 0 0 0 0 0 0 0 T T T 0 ^ 0 0 0 0 0 0 0 0 0 0 0 0 0 0 0 0 0 0 0 0 0 ^ 0 0 0 0 0 0 0 0 0 0 0 0 0 0 0 0 0 0 ^
^ 0 0 0 0 T T T 0 0 0 0 0 0 0 0 0 0 0 0 0 0 0 0 0 0 0 0 0 0 0 0 0 0 0 0 0 0 0 0 0 0 0 0 0 0 0 0 0 0 T T 0 ^ 0 0 0 0 0 0 0 0 0 0 0 0 0 0 0 0 0 0 0 0 0 ^ 0 0 0 0 0 0 0 0 0 0 0 0 0 0 0 0 0 0 ^
^ 0 0 0 0 T T T 0 0 0 0 0 0 0 0 0 0 0 0 0 0 0 0 0 0 0 0 0 0 0 0 0 0 0 0 0 0 0 0 0 0 0 0 0 0 0 0 0 0 0 0 0 ^ 0 0 0 0 0 0 0 0 0 0 0 0 0 0 0 0 0 0 0 0 0 ^ 0 0 0 0 0 0 0 0 0 0 0 0 0 0 0 0 0 0 ^
^ 0 0 0 0 0 0 T 0 0 0 0 0 0 0 0 0 0 0 0 0 0 0 0 0 0 0 0 0 0 0 0 0 0 0 0 0 0 0 0 0 0 0 0 0 0 0 0 0 0 0 0 0 ^ 0 0 0 0 0 0 0 0 0 0 0 0 0 0 0 0 0 0 0 0 0 ^ 0 0 0 0 0 0 0 0 0 0 0 0 0 0 0 0 0 0 ^
^ 0 0 0 0 0 0 0 0 0 0 0 0 0 0 0 0 0 0 0 0 0 0 0 0 0 0 0 0 0 0 0 0 0 0 0 0 0 0 0 0 0 0 0 0 0 0 0 0 0 0 0 0 ^ 0 0 0 0 0 0 0 0 0 0 0 0 0 0 0 0 0 0 0 0 0 ^ 0 0 0 0 0 0 0 0 0 0 0 0 0 0 0 0 0 0 ^
^ 0 0 0 0 0 0 0 0 0 0 0 0 0 0 0 0 0 0 0 0 0 0 0 0 0 0 0 0 0 0 0 0 0 0 0 0 0 0 0 0 0 0 0 0 0 0 0 0 0 0 0 0 ^ 0 0 0 0 0 0 0 0 0 0 0 0 0 0 0 0 0 0 0 0 0 ^ 0 0 0 0 0 0 0 0 0 0 0 0 0 0 0 0 0 0 ^
^ 0 0 0 0 0 0 0 0 0 0 0 0 0 0 0 0 0 0 0 0 0 0 0 0 0 0 0 0 0 0 0 0 0 0 0 0 0 0 0 0 0 0 0 0 0 0 0 0 0 0 0 0 ^ 0 0 0 0 0 0 0 0 0 0 0 0 0 0 0 0 0 0 0 0 0 ^ 0 0 0 0 0 0 0 0 0 0 0 0 0 0 0 0 0 0 ^
^ 0 0 0 0 0 0 0 0 0 0 0 0 0 0 0 0 0 0 0 0 0 0 0 0 0 0 0 0 0 0 0 0 0 0 0 0 0 0 0 0 0 0 0 0 0 0 0 0 0 0 0 0 I 0 0 0 0 0 0 0 0 0 0 0 0 0 0 0 0 0 0 0 0 0 ^ 0 0 0 0 0 0 0 0 0 0 0 0 0 0 0 0 0 0 ^
^ 0 0 0 0 0 0 0 0 0 0 0 0 0 0 0 0 0 0 0 0 0 0 0 0 0 0 0 0 0 0 0 0 0 0 0 0 0 0 0 0 0 0 0 0 0 0 0 0 0 0 0 0 I 0 0 0 0 0 0 0 0 0 0 0 0 0 0 0 0 0 0 0 0 0 ^ 0 0 0 0 0 0 0 0 0 0 0 0 0 0 0 0 0 0 ^
^ 0 0 0 T T 0 0 0 0 0 0 0 0 0 0 0 0 0 0 0 0 0 0 0 0 0 0 0 0 0 0 0 0 0 0 0 0 0 0 0 0 0 0 0 0 0 0 0 0 0 0 0 ^ 0 0 0 0 0 0 0 0 0 0 0 0 0 0 0 0 0 0 0 0 0 ^ ^ ^ ^ ^ ^ ^ ^ 0 0 0 0 0 ^ ^ ^ ^ ^ ^ ^
^ 0 0 0 T T 0 0 0 0 0 0 0 0 0 0 0 0 0 0 0 0 0 0 0 0 0 0 0 0 0 0 0 0 0 0 0 0 0 0 0 0 0 0 0 0 0 0 0 0 0 0 0 ^ 0 0 0 0 0 0 0 0 0 0 0 0 0 0 0 0 0 0 0 0 0 ^ B B B B B B ^ 0 0 0 0 0 ^ B B B B B B
^ 0 0 0 0 0 0 0 0 0 0 0 0 0 0 0 0 0 0 0 0 0 0 0 0 0 0 0 0 0 0 0 0 0 0 0 0 0 0 0 0 0 0 0 0 0 0 0 0 0 0 0 0 ^ 0 0 0 0 0 0 0 0 0 0 0 0 0 0 0 0 0 0 0 0 0 ^ B B B B B B ^ 0 0 0 0 0 ^ B B B B B B
^ 0 0 0 0 0 0 0 0 0 0 0 0 0 0 0 0 0 0 0 0 0 0 0 0 0 0 0 0 0 0 0 0 0 0 0 0 0 0 0 0 0 0 0 0 0 0 0 0 0 0 0 0 ^ 0 0 0 0 0 0 0 0 0 0 0 0 0 0 0 0 0 0 0 0 0 ^ B B B B B B ^ 0 0 0 0 0 ^ B B B B B B
^ ^ ^ ^ ^ ^ ^ ^ ^ ^ ^ 0 0 0 0 0 0 0 0 0 0 0 0 0 0 0 0 0 0 0 0 0 0 0 0 0 0 0 0 0 0 0 0 0 0 0 0 0 0 0 0 0 0 ^ 0 0 0 0 0 0 0 0 0 0 0 0 0 0 0 0 0 0 0 0 0 ^ B B B B B B ^ 0 0 0 0 0 ^ B B B B B B
B B B B B B B B B B ^ 0 0 0 0 0 0 0 0 0 0 0 0 0 0 0 0 0 0 0 0 0 0 0 0 0 0 0 0 0 0 0 0 0 0 0 0 0 0 0 0 0 0 ^ 0 0 0 0 0 0 0 0 0 0 0 0 0 0 0 0 0 0 0 0 0 ^ B B B B B B ^ 0 0 0 0 0 ^ B B B B B B
B B B B B B B B B B ^ 0 0 0 0 0 0 0 0 0 0 0 0 0 0 0 0 0 0 0 0 0 0 0 0 0 0 0 0 0 0 0 0 0 0 0 0 0 0 0 0 0 0 ^ 0 0 0 0 0 0 0 0 0 0 0 0 0 0 0 0 0 0 0 0 0 ^ ^ ^ ^ ^ ^ ^ ^ 0 0 0 0 0 ^ ^ ^ ^ ^ ^ ^
B B B B B B B B B B ^ 0 0 0 0 0 0 0 0 0 0 0 0 0 0 0 0 0 0 0 0 0 0 0 0 0 0 0 0 0 0 0 0 0 0 0 0 0 0 0 0 0 0 ^ 0 0 0 0 0 0 0 0 0 0 0 0 0 0 0 0 0 0 0 0 0 ^ 0 0 0 0 0 0 0 0 0 0 0 0 0 0 0 0 0 T ^
B B B B B B B B B B ^ 0 0 0 0 0 0 0 0 0 0 0 0 0 0 0 0 0 0 0 0 0 0 0 0 0 0 0 0 0 0 0 0 0 0 0 0 0 0 0 0 0 0 ^ 0 0 0 0 0 0 0 0 0 0 0 0 0 0 0 0 0 0 0 0 0 ^ 0 0 T 0 0 0 0 0 0 0 0 0 0 0 0 0 0 0 ^
B B B B B B B B B B ^ 0 0 0 0 0 0 0 0 0 0 0 0 0 0 0 0 0 0 0 0 0 0 0 0 0 0 0 0 0 0 0 0 0 0 0 0 0 0 0 0 0 0 ^ ^ ^ ^ ^ ^ ^ ^ ^ ^ ^ ^ ^ ^ ^ ^ ^ ^ ^ ^ ^ ^ ^ 0 0 T T 0 0 0 0 0 0 0 0 0 T T 0 0 0 ^
B B B B B B B B B B ^ T T 0 0 0 0 0 0 0 0 0 0 0 0 0 0 0 0 0 0 0 0 0 0 0 0 0 0 0 0 0 0 0 0 0 0 0 0 0 0 0 0 0 0 0 0 0 0 0 0 0 0 0 0 0 0 0 0 0 0 0 0 0 0 ^ 0 0 0 0 0 0 0 0 0 0 0 0 0 0 0 0 0 0 ^
B B B B B B B B B B ^ T T 0 0 0 0 0 0 0 0 0 0 0 0 0 0 0 0 0 0 0 0 0 0 0 0 0 0 0 0 0 0 0 0 0 0 0 0 0 0 0 0 0 0 0 0 0 0 0 0 0 0 0 W W W W 0 0 0 0 0 0 0 ^ 0 0 0 0 0 0 0 0 0 0 0 0 0 0 T T 0 0 ^
B B B B B B B B B B ^ 0 T 0 0 0 0 0 0 0 0 0 0 0 0 0 0 0 0 0 0 0 0 0 0 0 0 0 0 0 0 0 0 0 0 0 0 0 0 0 0 0 0 0 0 0 0 0 0 0 0 0 0 W W W W W W W W 0 0 0 0 ^ 0 0 0 0 0 0 0 0 0 0 0 0 0 0 0 0 0 0 ^
B B B B B B B B B B ^ 0 0 0 0 0 T 0 0 0 0 0 0 0 ^ ^ ^ ^ ^ ^ ^ ^ ^ 0 0 0 0 0 0 0 0 0 0 0 0 0 0 0 0 0 0 0 0 0 0 0 0 0 0 0 0 W W W W W W W W W W W 0 0 0 ^ 0 0 0 0 0 0 0 0 0 0 0 0 0 T 0 0 0 0 ^
B B B B B B B B B B ^ 0 0 0 0 T T T 0 0 0 0 0 0 ^ 0 0 0 0 0 0 0 ^ 0 0 0 0 0 0 0 0 0 0 0 0 0 0 0 0 0 0 T 0 0 0 0 0 0 0 W W W W W W W W W W W W W W W 0 ^ 0 0 0 0 0 0 0 0 0 0 0 0 0 0 0 0 T 0 ^
B B B B B B B B B B ^ 0 0 0 0 0 T 0 0 0 0 0 0 0 ^ 0 0 0 0 0 0 0 ^ 0 0 0 0 0 0 0 0 0 0 0 0 0 0 0 0 0 T T T 0 0 0 0 0 W W W W W W W W W W W W W W W W 0 ^ 0 0 0 0 0 0 0 0 0 0 0 0 0 0 ^ ^ ^ ^ ^
B B B B B B B B B B ^ 0 0 0 0 0 0 0 0 0 0 0 0 0 ^ 0 0 0 0 0 0 0 ^ 0 0 0 0 0 0 0 0 0 0 0 0 0 0 0 0 0 0 T 0 0 0 0 0 0 W W W W W W W W W W W W W W W W 0 ^ 0 0 0 0 0 0 0 0 0 0 0 0 0 0 ^ B B B B
B B B B B B B B B B ^ 0 0 0 0 0 0 0 0 0 0 0 0 0 0 0 0 0 0 0 0 0 ^ 0 0 0 0 0 0 0 0 0 0 0 0 0 0 0 0 0 0 0 0 0 0 0 0 W W W W W W W W W W W W W W W 0 0 0 ^ 0 0 0 0 0 0 0 0 0 0 0 0 0 0 ^ B B B B 
B B B B B B B B B B ^ 0 0 0 0 0 0 0 0 0 0 0 0 0 0 0 0 0 0 0 0 0 ^ ^ ^ ^ ^ ^ ^ ^ ^ ^ ^ ^ ^ ^ ^ ^ ^ ^ ^ ^ ^ 0 0 0 0 W W W W W W W W W W W W W W W W 0 0 0 0 0 0 0 0 0 0 0 0 0 0 0 0 0 ^ B B B B
B B B B B B B B B B ^ 0 0 0 0 0 0 0 0 0 0 0 0 0 ^ 0 0 0 0 0 0 0 ^ 0 0 0 0 0 0 0 W W 0 0 0 0 0 0 0 0 0 0 0 0 0 0 0 0 0 W W W W W W W W W W W W W W 0 0 0 0 0 0 0 0 0 0 0 0 0 0 0 0 0 ^ B B B B
B B B B B B B B B B ^ 0 0 0 0 0 0 0 0 0 0 0 0 0 ^ 0 0 0 0 0 0 0 ^ 0 0 0 0 0 0 0 W W W W 0 0 0 0 0 0 0 0 0 0 0 0 0 0 0 0 W W W W W W W W W W 0 0 0 0 0 0 0 0 0 0 0 0 0 0 0 0 0 0 0 0 ^ B B B B
B B B B ^ ^ ^ ^ ^ ^ ^ 0 0 0 0 0 0 0 0 0 0 0 0 0 ^ ^ ^ ^ ^ ^ ^ ^ ^ 0 0 0 0 0 0 0 0 W W W W 0 0 0 0 0 0 0 0 0 0 0 0 0 0 0 0 0 0 W W W W W 0 0 0 0 0 0 0 0 0 0 0 0 0 0 0 0 0 0 0 0 0 0 ^ B B B B
B B B B ^ 0 0 0 0 0 0 0 0 0 0 0 0 0 0 0 0 0 0 0 0 0 0 0 0 0 0 0 0 0 0 0 0 0 0 0 0 0 0 W W W 0 0 0 0 0 0 0 0 0 0 0 0 0 0 0 0 0 0 0 0 0 0 0 0 0 0 0 0 0 ^ 0 0 0 0 0 0 0 0 0 0 0 0 0 0 ^ B B B B
B B B B ^ 0 0 0 0 0 0 0 0 0 0 0 0 0 0 0 0 0 0 0 0 0 0 0 0 0 0 0 0 0 0 0 0 0 0 0 0 0 0 0 0 0 0 0 0 0 0 0 0 0 0 0 0 0 0 0 0 0 0 0 0 0 0 0 0 0 0 0 0 0 0 ^ 0 0 0 0 0 0 0 0 0 0 0 0 0 0 ^ B B B B
B B B B ^ 0 0 0 0 0 0 0 0 0 0 0 0 0 0 0 0 0 0 0 0 0 0 0 0 0 0 0 0 0 0 0 0 0 0 0 0 0 0 0 0 0 0 0 0 0 0 0 0 0 0 0 0 0 0 0 0 0 0 0 0 0 0 0 0 0 0 0 0 0 0 ^ ^ ^ ^ ^ ^ ^ ^ ^ ^ ^ ^ ^ ^ ^ ^ B B B B
B B B B ^ 0 0 0 0 0 0 0 0 0 0 0 0 0 0 0 0 0 0 0 0 0 0 0 0 0 0 0 0 0 0 0 0 0 0 0 0 0 0 0 0 0 0 0 0 0 0 0 0 0 0 0 0 0 0 0 0 0 0 0 0 0 0 0 0 0 0 0 0 0 0 ^ B B B B B B B B B B B B B B B B B B B
B B B B ^ 0 0 0 0 0 0 0 0 0 0 0 0 0 0 0 0 0 0 0 0 0 0 0 0 0 0 0 0 0 0 0 0 0 0 0 0 0 0 0 0 0 0 0 0 0 0 0 0 0 0 0 0 0 0 0 0 0 0 0 0 0 0 0 0 0 0 0 0 0 0 ^ B B B B B B B B B B B B B B B B B B B
B B B B ^ 0 0 0 0 0 0 0 0 0 0 0 0 0 0 0 0 0 0 0 0 0 0 0 0 0 0 0 0 0 0 0 0 0 0 0 0 0 0 0 0 0 0 0 0 0 0 0 0 0 0 0 0 0 0 0 0 0 0 0 0 0 0 0 0 0 0 0 0 0 0 ^ B B B B B B B B B B B B B B B B B B B
B B B B ^ 0 0 0 0 0 0 0 0 0 0 0 0 0 0 0 0 0 0 0 0 0 0 0 0 0 0 0 0 0 0 0 0 0 0 0 0 0 0 0 0 0 0 0 0 0 0 0 0 0 0 0 0 0 0 0 0 0 0 0 0 0 0 0 0 0 0 0 0 0 0 ^ B B B B B B B B B B B B B B B B B B B
B B B B ^ 0 0 0 0 0 0 0 0 0 0 0 0 0 0 0 0 0 0 0 0 0 0 0 0 0 0 0 0 0 0 0 0 0 0 0 0 0 0 0 0 0 0 0 0 0 0 0 0 0 0 0 0 0 0 0 0 0 0 0 0 0 0 0 0 0 0 0 0 0 0 ^ B B B B B B B B B B B B B B B B B B B
B B B B ^ 0 0 0 0 0 0 0 0 0 0 0 0 0 0 0 0 0 0 0 0 0 0 0 0 0 0 0 0 0 0 0 0 0 0 0 0 0 0 0 0 0 0 0 0 0 0 0 0 0 0 0 0 0 0 0 0 0 0 0 0 0 0 0 0 0 0 0 0 0 0 ^ B B B B B B B B B B B B B B B B B B B
B B B B ^ 0 0 0 0 0 0 0 0 0 0 0 0 0 0 0 0 0 0 0 0 0 0 0 0 0 0 0 0 0 0 0 0 0 0 0 0 0 0 0 0 0 0 0 0 0 0 0 0 0 0 0 0 0 0 0 0 0 0 0 0 0 0 0 0 0 0 0 0 0 0 ^ B B B B B B B B B B B B B B B B B B B
B B B B ^ 0 0 0 0 0 0 0 0 0 0 0 0 0 0 0 0 0 0 0 0 0 0 0 0 0 0 0 0 0 0 0 0 0 0 0 0 0 0 0 0 0 0 0 0 0 0 0 0 0 0 0 0 0 0 0 0 0 0 0 0 0 0 0 0 0 0 0 0 0 0 ^ B B B B B B B B B B B B B B B B B B B
B B B B ^ ^ ^ ^ ^ ^ ^ ^ ^ ^ ^ ^ ^ ^ ^ ^ ^ ^ ^ ^ ^ ^ ^ ^ ^ ^ ^ ^ ^ ^ ^ ^ ^ ^ ^ ^ ^ ^ ^ ^ ^ ^ ^ ^ ^ ^ ^ ^ ^ ^ ^ ^ ^ ^ ^ ^ ^ ^ ^ ^ ^ ^ ^ ^ ^ ^ ^ ^ ^ ^ ^ ^ B B B B B B B B B B B B B B B B B B B